0.6227
0.5859
0.7576
0.6758
0.7182
0.6799
0.5543
0.5871
0.7613
0.7084
0.4158
0.5649
0.6827
0.5646
0.3176
0.6295
0.4781
0.6519
0.7925
0.5282
0.8882
0.8267
0.8443
0.8341
0.7806
0.6287
0.6222
0.7392
0.6503
0.6108
0.6869
0.6684
0.6297
0.6684
0.7579
0.4137
0.6705
0.5814
0.8148
0.9578
0.9469
0.9436
0.9317
0.8691
0.6328
0.9093
0.8029
0.8887
0.9495
0.9282
0.9344
0.9603
0.907
0.6406
0.8329
0.7107
0.7389
0.7718
0.854
0.7788
0.5772
0.8216
0.8245
0.2184
0.2342
0.4139
0.4694
0.8129
0.8109
0.7391
0.3778
0.418
0.1634
0.3603
0.1768
0.3024
0.3675
0.4635
0.5235
0.4657
0.8114
0.7479
0.7312
0.7255
0.559
0.4373
0.5796
0.4726
0.6621
0.3951
0.4205
0.6551
0.8882
0.9017
0.8501
0.7241
0.8442
0.5539
0.4634
0.2406
0.513
0.4203
0.05741
0.2316
0.151
0.1988
0.45
0.6234
0.7414
0.4554
0.4312
0.5281
0.4405
0.8186
0.8282
0.7511
0.4476
0.6839
0.5151
0.5778
0.6177
0.63
0.8074
0.751
0.851
0.4494
0.5985
0.9203
0.7054
0.2374
0.5923
0.8699
0.426
0.2749
0.5789
0.5592
0.8833
0.4396
0.5522
0.2065
0.5923
0.4474
0.6257
0.873
0.8046
0.4072
0.5745
0.9181
0.7796
0.6066
0.9143
0.7805
0.9374
0.9682
0.6092
0.9335
0.6122
0.5212
0.8126
0.4477
0.4036
0.5981
0.5328
0.3906
0.3287
0.437
0.4345
0.6802
0.5236
0.6371
0.7726
0.7625
0.795
0.8861
0.8253
0.8315
0.758
0.6079
0.4248
0.4123
0.603
0.6165
0.5564
0.7025
0.6396
0.818
0.7952
0.6283
0.6628
0.6604
0.6522
0.3674
0.4337
0.3877
0.5611
0.6998
0.572
0.5687
0.7854
0.5808
0.6307
0.6607
0.6947
0.7496
0.7067
0.7493
0.6152
0.2593
0.2387
0.4604
0.3803
0.6619
0.5785
0.5654
0.8441
0.8702
0.8897
0.9142
0.7995
0.7588
0.6871
0.617
0.4741
0.5478
0.8868
0.8203
0.9196
0.9481
0.9383
0.9485
0.9675
0.9239
0.9613
0.9368
0.9163
0.9746
0.6807
0.7554
0.7987
0.9183
0.8964
0.9241
0.8452
0.7964
0.7931
0.7463
0.7702
0.4965
0.7465
0.594
0.8083
0.7028
0.4725
0.7564
0.5781
0.3957
0.7242
0.8299
0.608
0.726
0.6916
0.7875
0.7993
0.6216
0.7895
0.7779
0.7754
0.62
0.4164
0.887
0.837
0.8949
0.8864
0.7243
0.8158
0.6715
0.8339
0.87
0.6372
0.7525
0.6268
0.6299
0.7332
0.6246
0.5547
0.2336
0.2159
0.5993
0.4668
0.2371
0.4534
0.5866
0.2852
0.4218
0.639
0.4754
0.3545
0.4272
0.6089
0.3873
0.4335
0.6278
0.3527
0.4806
0.3032
0.5196
0.6246
0.3913
0.4048
0.6392
0.6273
0.2265
0.08085
0.6011
0.1091
0.09656
0.1372
0.301
0.228
0.195
0.6891
0.6599
0.2288
0.6365
0.7418
0.4384
0.5416
0.5812
0.6377
0.3334
0.705
0.9014
0.9401
0.6594
0.7569
0.5985
0.5232
0.2768
0.3169
0.4405
0.3943
0.3849
0.488
0.1627
0.07153
0.06245
0.09544
0.03393
0.05847
0.3508
0.3873
0.0816
0.3175
0.6892
0.4006
0.5142
0.1222
0.06553
0.08742
0.301
0.6294
0.5362
0.7214
0.6664
0.6678
0.4487
0.8417
0.617
0.459
0.8209
0.8286
0.5743
0.701
0.6036
0.4643
0.5712
0.8247
0.894
0.821
0.722
0.5477
0.4281
0.5769
0.3291
0.2131
0.336
0.2902
0.06301
0.1874
0.2628
0.3967
0.07078
0.0907
0.319
0.3296
0.4173
0.4331
0.4598
0.5386
0.3817
0.4991
0.6215
0.4469
0.3188
0.4095
0.4983
0.4093
0.2728
0.2785
0.3475
0.3432
0.3731
0.7072
0.5732
0.3792
0.5534
0.1808
0.2358
0.5296
0.3398
0.6477
0.4749
0.506
0.2922
0.31
0.399
0.1541
0.4358
0.2627
0.562
0.2357
0.3697
0.3142
0.3576
0.413
0.4575
0.4322
0.3978
0.6221
0.5098
0.2992
0.6533
0.5616
0.511
0.4037
0.5629
0.3984
0.231
0.2953
0.1296
0.07482
0.1266
0.2037
0.3363
0.2836
0.4825
0.3557
0.4895
0.6086
0.4107
0.43
0.5798
0.677
0.2894
0.4179
0.319
0.3641
0.4427
0.3743
0.2579
0.2221
0.2357
0.4332
0.4345
0.2067
0.2782
0.4969
0.2956
